0.00622 0.67776
0.05208 0.16801
0.05668 0.82481
0.08892 0.61442
0.09462 0.69217
0.10133 0.64757 
0.1067 0.26416 
0.10372 0.04154
0.12248 0.2887
0.14415 0.78791 
0.14647 0.64127 
0.15026 1.01297
0.16889 0.82789
0.16964 0.12763 
0.18846 0.00756
0.19974 0.12677
0.2078 1.03616 
0.21485 0.62739 
0.24201 1.03847 
0.26569 0.22171
0.27135 0.28649
0.28165 0.05674
0.29008 0.62035
0.29605 0.79312 
0.30448 0.38954 
0.31439 0.02321 
0.31777 0.25107 
0.34873 1.03482 
0.34935 0.28726
0.34871 0.06358
0.3986 0.7662
0.39815 0.60964 
0.4116 1.00907
0.41682 0.92162 
0.41576 0.54653 
0.42069 0.83715 
0.41933 0.35909 
0.42685 1.08106 
0.44873 0.10941 
0.45347 0.81585
0.49298 0.27403
0.51562 0.5368
0.53466 0.01155
0.54323 1.10513
0.5608 1.0284
0.5764 0.25503
0.57627 0.20907
0.58084 0.8572
0.58841 0.63017     
0.59543 1.07868 
0.62421 0.22738
0.66625 0.57804 
0.6648 0.06451
0.67247 0.83966 
0.67998 1.07604
0.68418 0.14425 
0.69529 0.68472
0.69411 0.26778
0.70149 0.94136
0.72099 0.58055
0.72598 0.40719
0.74849 0.14429
0.75319 0.83459
0.751 0.06358
0.78812 0.12437
0.79874 0.0112
0.81084 0.41773
0.83687 0.42715
0.88026 0.77237
0.87893 0.30351
0.88553 0.69834 
0.89703 0.89576
0.89618 0.59392
0.90369 0.34658 
0.90309 0 
0.90887 0.2449 
0.92807 0.74379 
0.94766 0.67699 
0.9494 0.06234 
0.9592 0.62122 
0.9707 0.01407
0.99338 0.61187 
0.12756 0.00563 
0.0206 0.07176
0.41889 0.18678
0.42916 0.20978 
0.96375 0.71297
0.87771 0.96026
0.62026 1.03214
0.68622 0.89988
0.69385 0.89412
0.04348 0.94301 
0.02059 0.96601
0.0028 0.99189 
0.62035 1.0609 
0.14088 1.1069
0.14723 0.64684 
0.74983 0.84237 
0.53064 0.01425 
 